1,2024-03-12,1,100,10497
2,2024-01-10,5,21,1048.95
3,2024-02-02,3,34,1700
4,2022-10-07,100,23,596.85
5,2021-09-08,45,12,950.4
6,2023-04-12,31,45,3150
7,2025-03-12,3,32,1600
8,2025-02-10,21,67,1872.65
9,2023-04-12,23,32,830.4
10,2025-04-03,55,34,593.98
11,2023-05-06,56,43,1072.85
12,2023-04-12,3,23,1150
13,2023-04-12,21,21,586.95
14,2025-05-02,108,34,271.66
15,2025-05-01,33,11,242
16,2025-03-12,22,33,825
17,2023-05-06,10,44,4180
18,2024-02-02,9,53,2039.97
19,2023-05-06,8,33,2039.67
20,2024-02-02,4,12,209.88
21,2024-08-08,104,3,23.97
