1,100
2,20
3,32
4,43
5,53
6,10
7,2
8,3
9,4
10,55
11,110
12,45
13,32
14,23
15,12
16,5
17,6
18,21
19,23
20,3
21,34
22,6
23,3
24,2
25,12
26,43
27,32
28,2
29,23
30,32
31,2
32,4
33,66
34,34
35,89
36,34
37,23
38,1
39,23
40,56
41,67
42,54
43,34
44,23
45,21
46,22
47,11
48,112
49,32
50,432
51,354
52,23
53,3
54,4
55,99
56,76
57,34
58,23
59,34
60,32
61,345
62,34
63,23
64,56
65,43
66,23
67,66
68,34
69,32
70,2
71,5
72,34
73,6
74,67
75,43
76,23
77,1
78,23
79,35
80,34
81,23
82,32
83,56
84,32
85,67
86,34
87,6
88,7
89,4
90,32
91,32
92,432
93,355
94,34
95,32
96,76
97,34
98,34
99,43
100,32
101,56
102,61
103,32
104,56
105,57
106,43
107,31
108,2
109,3
