1,2025-03-02,31,1,26
1,2025-03-03,22,1,13.95
1,2025-03-04,4,1,17.49
2,2024-02-02,57,2,15.98
3,2023-01-02,11,1,41.99
3,2023-01-02,19,2,6.88
4,2021-12-01,23,1,25.95
5,2022-03-04,45,1,79.2
6,2021-11-11,91,100,2195
7,2024-12-13,34,2,89.9
7,2024-12-14,65,2,26
8,2023-06-14,57,1,7.99
9,2021-12-01,11,1,41.99
10,2025-03-04,31,1,26
11,2023-01-02,44,2,245
12,2023-06-14,29,3,14.25
13,2023-06-14,79,1,83
14,2021-02-04,74,1,7.5
14,2021-02-04,75,1,35
15,2023-08-09,39,2,120
16,2024-03-03,12,1,34.99
16,2024-03-04,42,1,50
16,2024-03-05,32,2,30
17,2021-02-04,83,1,29.99
18,2021-11-11,41,3,150
19,2025-03-02,15,2,49.9
20,2021-02-04,1,1,49.95
20,2021-02-04,2,1,198
21,2021-11-11,108,3,23.97
22,2023-06-14,101,5,199.75
23,2025-03-02,89,10,79.9
24,2024-12-03,91,1,21.95
